Akın
asd1
1 10 10   1 10
0 0 0 0 0 0 0 0 0 0 
0 0 0 0 0 1 0 0 0 1 
0 0 0 0 0 0 0 0 0 0 
0 0 0 1 1 0 1 0 0 0 
1 0 0 0 0 0 1 0 0 0 
0 0 0 0 0 0 0 0 0 1 
0 0 0 0 0 0 0 0 0 0 
0 1 1 0 0 0 0 0 0 0 
0 0 0 0 0 0 0 0 0 0 
0 0 0 0 0 0 0 0 0 0 
0 0 0 0 1 1 1 0 1 1 
0 0 0 0 1 0 1 0 1 0 
0 0 1 2 3 3 2 1 1 1 
1 1 1 1 1 3 1 2 0 0 
0 1 1 2 2 3 1 2 1 1 
1 1 0 0 0 1 1 1 1 0 
1 2 2 1 0 0 0 0 1 1 
1 1 1 1 0 0 0 0 0 0 
1 2 2 1 0 0 0 0 0 0 
0 0 0 0 0 0 0 0 0 0 
1002380064 1 1002380064 32526 0 0 0 0 0 0 
1002380064 32526 1002380064 32526 0 0 0 0 0 0 
1002380064 32526 1002380064 32526 0 0 0 0 0 0 
1002380064 32526 1002380064 32526 0 0 0 0 0 0 
1002380064 32526 1002380064 32526 0 0 0 0 0 0 
1002380064 32526 1002380064 32526 0 0 0 0 0 0 
1002380064 32526 1002380064 32526 0 0 0 0 0 0 
1002380064 32526 1002380064 32526 0 0 0 0 0 0 
1002380064 32526 1002380064 32526 0 0 0 0 0 0 
1002380064 32526 1002380064 32526 0 0 0 0 0 0 
